143.25311 185.58642
111.06222 183.19269
87.690672 162.27799
72.130569 139.03242
58.964359 103.94365
55.751499 73.957504
60.539164 55.940543
69.106692 42.774296
81.706032 34.017802
97.833133 30.364111
113.45621 33.640042
128.89015 43.215568
138.15045 56.255818
143.63098 66.838979
148.73359 60.539253
154.97021 49.073943
164.60874 38.994505
180.48387 32.442946
195.09905 33.703017
210.02899 43.467564
216.39139 58.838641
214.24943 79.123268
205.36695 101.29781
186.02705 133.74099
143.25311 185.58642
143.25311 185.58642
